alpha[1] 1 1000
alpha[2] 1001 2000
alpha[3] 2001 3000
alpha[4] 3001 4000
alpha[5] 4001 5000
alpha[6] 5001 6000
alpha[7] 6001 7000
alpha[8] 7001 8000
alpha[9] 8001 9000
alpha[10] 9001 10000
alpha[11] 10001 11000
alpha[12] 11001 12000
alpha[13] 12001 13000
alpha[14] 13001 14000
alpha[15] 14001 15000
alpha[16] 15001 16000
alpha[17] 16001 17000
alpha[18] 17001 18000
alpha[19] 18001 19000
alpha[20] 19001 20000
alpha[21] 20001 21000
alpha[22] 21001 22000
alpha[23] 22001 23000
alpha[24] 23001 24000
alpha[25] 24001 25000
alpha[26] 25001 26000
alpha[27] 26001 27000
alpha[28] 27001 28000
alpha[29] 28001 29000
alpha[30] 29001 30000
alpha[31] 30001 31000
alpha[32] 31001 32000
alpha[33] 32001 33000
alpha[34] 33001 34000
alpha[35] 34001 35000
alpha[36] 35001 36000
alpha[37] 36001 37000
alpha[38] 37001 38000
alpha[39] 38001 39000
alpha[40] 39001 40000
alpha[41] 40001 41000
alpha[42] 41001 42000
alpha[43] 42001 43000
alpha[44] 43001 44000
alpha[45] 44001 45000
alpha[46] 45001 46000
alpha[47] 46001 47000
alpha[48] 47001 48000
alpha[49] 48001 49000
alpha[50] 49001 50000
alpha[51] 50001 51000
alpha[52] 51001 52000
alpha[53] 52001 53000
alpha[54] 53001 54000
alpha[55] 54001 55000
alpha[56] 55001 56000
alpha[57] 56001 57000
alpha[58] 57001 58000
alpha[59] 58001 59000
alpha[60] 59001 60000
alpha[61] 60001 61000
alpha[62] 61001 62000
alpha[63] 62001 63000
alpha[64] 63001 64000
alpha[65] 64001 65000
alpha[66] 65001 66000
alpha[67] 66001 67000
alpha[68] 67001 68000
alpha[69] 68001 69000
alpha[70] 69001 70000
alpha[71] 70001 71000
alpha[72] 71001 72000
alpha[73] 72001 73000
alpha[74] 73001 74000
alpha[75] 74001 75000
alpha[76] 75001 76000
alpha[77] 76001 77000
alpha[78] 77001 78000
alpha[79] 78001 79000
alpha[80] 79001 80000
alpha[81] 80001 81000
alpha[82] 81001 82000
alpha[83] 82001 83000
alpha[84] 83001 84000
alpha[85] 84001 85000
alpha[86] 85001 86000
alpha[87] 86001 87000
alpha[88] 87001 88000
alpha[89] 88001 89000
alpha[90] 89001 90000
alpha[91] 90001 91000
alpha[92] 91001 92000
alpha[93] 92001 93000
alpha[94] 93001 94000
alpha[95] 94001 95000
alpha[96] 95001 96000
alpha[97] 96001 97000
alpha[98] 97001 98000
alpha[99] 98001 99000
alpha[100] 99001 100000
alpha[101] 100001 101000
alpha[102] 101001 102000
alpha[103] 102001 103000
alpha[104] 103001 104000
alpha[105] 104001 105000
alpha[106] 105001 106000
alpha[107] 106001 107000
alpha[108] 107001 108000
alpha[109] 108001 109000
alpha[110] 109001 110000
alpha[111] 110001 111000
alpha[112] 111001 112000
alpha[113] 112001 113000
alpha[114] 113001 114000
alpha[115] 114001 115000
alpha[116] 115001 116000
alpha[117] 116001 117000
alpha[118] 117001 118000
alpha[119] 118001 119000
alpha[120] 119001 120000
alpha[121] 120001 121000
alpha[122] 121001 122000
alpha[123] 122001 123000
alpha[124] 123001 124000
alpha[125] 124001 125000
alpha[126] 125001 126000
alpha[127] 126001 127000
alpha[128] 127001 128000
alpha[129] 128001 129000
alpha[130] 129001 130000
alpha[131] 130001 131000
alpha[132] 131001 132000
alpha[133] 132001 133000
alpha[134] 133001 134000
alpha[135] 134001 135000
alpha[136] 135001 136000
alpha[137] 136001 137000
alpha[138] 137001 138000
alpha[139] 138001 139000
alpha[140] 139001 140000
alpha[141] 140001 141000
alpha[142] 141001 142000
alpha[143] 142001 143000
alpha[144] 143001 144000
alpha[145] 144001 145000
alpha[146] 145001 146000
alpha[147] 146001 147000
alpha[148] 147001 148000
alpha[149] 148001 149000
alpha[150] 149001 150000
alpha[151] 150001 151000
alpha[152] 151001 152000
alpha[153] 152001 153000
alpha[154] 153001 154000
alpha[155] 154001 155000
alpha[156] 155001 156000
alpha[157] 156001 157000
alpha[158] 157001 158000
alpha[159] 158001 159000
alpha[160] 159001 160000
alpha[161] 160001 161000
alpha[162] 161001 162000
alpha[163] 162001 163000
alpha[164] 163001 164000
alpha[165] 164001 165000
alpha[166] 165001 166000
alpha[167] 166001 167000
alpha[168] 167001 168000
alpha[169] 168001 169000
alpha[170] 169001 170000
alpha[171] 170001 171000
alpha[172] 171001 172000
alpha[173] 172001 173000
alpha[174] 173001 174000
alpha[175] 174001 175000
alpha[176] 175001 176000
alpha[177] 176001 177000
alpha[178] 177001 178000
alpha[179] 178001 179000
alpha[180] 179001 180000
alpha[181] 180001 181000
alpha[182] 181001 182000
alpha[183] 182001 183000
alpha[184] 183001 184000
alpha[185] 184001 185000
alpha[186] 185001 186000
alpha[187] 186001 187000
alpha[188] 187001 188000
alpha[189] 188001 189000
alpha[190] 189001 190000
alpha[191] 190001 191000
alpha[192] 191001 192000
alpha[193] 192001 193000
alpha[194] 193001 194000
alpha[195] 194001 195000
alpha[196] 195001 196000
alpha[197] 196001 197000
alpha[198] 197001 198000
alpha[199] 198001 199000
alpha[200] 199001 200000
alpha[201] 200001 201000
alpha[202] 201001 202000
alpha[203] 202001 203000
alpha[204] 203001 204000
alpha[205] 204001 205000
alpha[206] 205001 206000
alpha[207] 206001 207000
alpha[208] 207001 208000
alpha[209] 208001 209000
alpha[210] 209001 210000
alpha[211] 210001 211000
alpha[212] 211001 212000
alpha[213] 212001 213000
alpha[214] 213001 214000
alpha[215] 214001 215000
alpha[216] 215001 216000
alpha[217] 216001 217000
alpha[218] 217001 218000
alpha[219] 218001 219000
alpha[220] 219001 220000
alpha[221] 220001 221000
alpha[222] 221001 222000
alpha[223] 222001 223000
alpha[224] 223001 224000
alpha[225] 224001 225000
alpha[226] 225001 226000
alpha[227] 226001 227000
alpha[228] 227001 228000
alpha[229] 228001 229000
alpha[230] 229001 230000
alpha[231] 230001 231000
alpha[232] 231001 232000
alpha[233] 232001 233000
alpha[234] 233001 234000
alpha[235] 234001 235000
alpha[236] 235001 236000
alpha[237] 236001 237000
alpha[238] 237001 238000
alpha[239] 238001 239000
alpha[240] 239001 240000
alpha[241] 240001 241000
alpha[242] 241001 242000
alpha[243] 242001 243000
alpha[244] 243001 244000
alpha[245] 244001 245000
alpha[246] 245001 246000
alpha[247] 246001 247000
alpha[248] 247001 248000
alpha[249] 248001 249000
alpha[250] 249001 250000
alpha[251] 250001 251000
alpha[252] 251001 252000
alpha[253] 252001 253000
alpha[254] 253001 254000
alpha[255] 254001 255000
alpha[256] 255001 256000
alpha[257] 256001 257000
alpha[258] 257001 258000
alpha[259] 258001 259000
alpha[260] 259001 260000
alpha[261] 260001 261000
alpha[262] 261001 262000
alpha[263] 262001 263000
alpha[264] 263001 264000
alpha[265] 264001 265000
alpha[266] 265001 266000
alpha[267] 266001 267000
alpha[268] 267001 268000
alpha[269] 268001 269000
alpha[270] 269001 270000
alpha[271] 270001 271000
alpha[272] 271001 272000
alpha[273] 272001 273000
alpha[274] 273001 274000
alpha[275] 274001 275000
alpha[276] 275001 276000
alpha[277] 276001 277000
alpha[278] 277001 278000
alpha[279] 278001 279000
alpha[280] 279001 280000
alpha[281] 280001 281000
alpha[282] 281001 282000
alpha[283] 282001 283000
alpha[284] 283001 284000
alpha[285] 284001 285000
alpha[286] 285001 286000
alpha[287] 286001 287000
alpha[288] 287001 288000
alpha[289] 288001 289000
alpha[290] 289001 290000
alpha[291] 290001 291000
alpha[292] 291001 292000
alpha[293] 292001 293000
alpha[294] 293001 294000
alpha[295] 294001 295000
alpha[296] 295001 296000
alpha[297] 296001 297000
alpha[298] 297001 298000
alpha[299] 298001 299000
alpha[300] 299001 300000
alpha[301] 300001 301000
alpha[302] 301001 302000
alpha[303] 302001 303000
alpha[304] 303001 304000
alpha[305] 304001 305000
alpha[306] 305001 306000
alpha[307] 306001 307000
alpha[308] 307001 308000
alpha[309] 308001 309000
alpha[310] 309001 310000
alpha[311] 310001 311000
alpha[312] 311001 312000
alpha[313] 312001 313000
alpha[314] 313001 314000
alpha[315] 314001 315000
alpha[316] 315001 316000
alpha[317] 316001 317000
alpha[318] 317001 318000
alpha[319] 318001 319000
alpha[320] 319001 320000
alpha[321] 320001 321000
alpha[322] 321001 322000
alpha[323] 322001 323000
alpha[324] 323001 324000
alpha[325] 324001 325000
alpha[326] 325001 326000
alpha[327] 326001 327000
alpha[328] 327001 328000
alpha[329] 328001 329000
alpha[330] 329001 330000
alpha[331] 330001 331000
alpha[332] 331001 332000
alpha[333] 332001 333000
alpha[334] 333001 334000
alpha[335] 334001 335000
alpha[336] 335001 336000
alpha[337] 336001 337000
alpha[338] 337001 338000
alpha[339] 338001 339000
alpha[340] 339001 340000
alpha[341] 340001 341000
alpha[342] 341001 342000
alpha[343] 342001 343000
alpha[344] 343001 344000
alpha[345] 344001 345000
alpha[346] 345001 346000
alpha[347] 346001 347000
alpha[348] 347001 348000
alpha[349] 348001 349000
alpha[350] 349001 350000
alpha[351] 350001 351000
alpha[352] 351001 352000
alpha[353] 352001 353000
alpha[354] 353001 354000
alpha[355] 354001 355000
alpha[356] 355001 356000
alpha[357] 356001 357000
alpha[358] 357001 358000
alpha[359] 358001 359000
alpha[360] 359001 360000
alpha[361] 360001 361000
alpha[362] 361001 362000
alpha[363] 362001 363000
alpha[364] 363001 364000
alpha[365] 364001 365000
alpha[366] 365001 366000
alpha[367] 366001 367000
alpha[368] 367001 368000
alpha[369] 368001 369000
alpha[370] 369001 370000
alpha[371] 370001 371000
alpha[372] 371001 372000
alpha[373] 372001 373000
alpha[374] 373001 374000
alpha[375] 374001 375000
alpha[376] 375001 376000
alpha[377] 376001 377000
alpha[378] 377001 378000
alpha[379] 378001 379000
alpha[380] 379001 380000
alpha[381] 380001 381000
alpha[382] 381001 382000
alpha[383] 382001 383000
alpha[384] 383001 384000
alpha[385] 384001 385000
alpha[386] 385001 386000
alpha[387] 386001 387000
alpha[388] 387001 388000
alpha[389] 388001 389000
alpha[390] 389001 390000
alpha[391] 390001 391000
alpha[392] 391001 392000
alpha[393] 392001 393000
alpha[394] 393001 394000
alpha[395] 394001 395000
alpha[396] 395001 396000
alpha[397] 396001 397000
alpha[398] 397001 398000
alpha[399] 398001 399000
alpha[400] 399001 400000
alpha[401] 400001 401000
alpha[402] 401001 402000
alpha[403] 402001 403000
alpha[404] 403001 404000
alpha[405] 404001 405000
alpha[406] 405001 406000
alpha[407] 406001 407000
alpha[408] 407001 408000
alpha[409] 408001 409000
alpha[410] 409001 410000
alpha[411] 410001 411000
alpha[412] 411001 412000
alpha[413] 412001 413000
alpha[414] 413001 414000
alpha[415] 414001 415000
alpha[416] 415001 416000
alpha[417] 416001 417000
alpha[418] 417001 418000
alpha[419] 418001 419000
alpha[420] 419001 420000
alpha[421] 420001 421000
alpha[422] 421001 422000
alpha[423] 422001 423000
alpha[424] 423001 424000
alpha[425] 424001 425000
alpha[426] 425001 426000
alpha[427] 426001 427000
alpha[428] 427001 428000
alpha[429] 428001 429000
alpha[430] 429001 430000
alpha[431] 430001 431000
alpha[432] 431001 432000
alpha[433] 432001 433000
alpha[434] 433001 434000
alpha[435] 434001 435000
alpha[436] 435001 436000
alpha[437] 436001 437000
alpha[438] 437001 438000
alpha[439] 438001 439000
alpha[440] 439001 440000
alpha[441] 440001 441000
alpha[442] 441001 442000
alpha[443] 442001 443000
alpha[444] 443001 444000
alpha[445] 444001 445000
alpha[446] 445001 446000
alpha[447] 446001 447000
alpha[448] 447001 448000
alpha[449] 448001 449000
alpha[450] 449001 450000
alpha[451] 450001 451000
alpha[452] 451001 452000
alpha[453] 452001 453000
alpha[454] 453001 454000
alpha[455] 454001 455000
alpha[456] 455001 456000
alpha[457] 456001 457000
alpha[458] 457001 458000
alpha[459] 458001 459000
alpha[460] 459001 460000
alpha[461] 460001 461000
alpha[462] 461001 462000
alpha[463] 462001 463000
alpha[464] 463001 464000
alpha[465] 464001 465000
alpha[466] 465001 466000
alpha[467] 466001 467000
alpha[468] 467001 468000
alpha[469] 468001 469000
alpha[470] 469001 470000
alpha[471] 470001 471000
alpha[472] 471001 472000
alpha[473] 472001 473000
alpha[474] 473001 474000
alpha[475] 474001 475000
alpha[476] 475001 476000
alpha[477] 476001 477000
alpha[478] 477001 478000
alpha[479] 478001 479000
alpha[480] 479001 480000
alpha[481] 480001 481000
alpha[482] 481001 482000
alpha[483] 482001 483000
alpha[484] 483001 484000
alpha[485] 484001 485000
alpha[486] 485001 486000
alpha[487] 486001 487000
alpha[488] 487001 488000
alpha[489] 488001 489000
alpha[490] 489001 490000
alpha[491] 490001 491000
alpha[492] 491001 492000
alpha[493] 492001 493000
alpha[494] 493001 494000
alpha[495] 494001 495000
alpha[496] 495001 496000
alpha[497] 496001 497000
alpha[498] 497001 498000
alpha[499] 498001 499000
alpha[500] 499001 500000
alpha[501] 500001 501000
alpha[502] 501001 502000
alpha[503] 502001 503000
alpha[504] 503001 504000
alpha[505] 504001 505000
alpha[506] 505001 506000
alpha[507] 506001 507000
alpha[508] 507001 508000
alpha[509] 508001 509000
alpha[510] 509001 510000
alpha[511] 510001 511000
alpha[512] 511001 512000
alpha[513] 512001 513000
alpha[514] 513001 514000
alpha[515] 514001 515000
alpha[516] 515001 516000
alpha[517] 516001 517000
alpha[518] 517001 518000
alpha[519] 518001 519000
alpha[520] 519001 520000
alpha[521] 520001 521000
alpha[522] 521001 522000
alpha[523] 522001 523000
alpha[524] 523001 524000
alpha[525] 524001 525000
alpha[526] 525001 526000
alpha[527] 526001 527000
alpha[528] 527001 528000
alpha[529] 528001 529000
alpha[530] 529001 530000
alpha[531] 530001 531000
alpha[532] 531001 532000
alpha[533] 532001 533000
alpha[534] 533001 534000
alpha[535] 534001 535000
alpha[536] 535001 536000
alpha[537] 536001 537000
alpha[538] 537001 538000
alpha[539] 538001 539000
alpha[540] 539001 540000
alpha[541] 540001 541000
alpha[542] 541001 542000
alpha[543] 542001 543000
alpha[544] 543001 544000
alpha[545] 544001 545000
alpha[546] 545001 546000
alpha[547] 546001 547000
alpha[548] 547001 548000
alpha[549] 548001 549000
alpha[550] 549001 550000
alpha[551] 550001 551000
alpha[552] 551001 552000
alpha[553] 552001 553000
alpha[554] 553001 554000
alpha[555] 554001 555000
alpha[556] 555001 556000
alpha[557] 556001 557000
alpha[558] 557001 558000
alpha[559] 558001 559000
alpha[560] 559001 560000
alpha[561] 560001 561000
alpha[562] 561001 562000
alpha[563] 562001 563000
alpha[564] 563001 564000
alpha[565] 564001 565000
alpha[566] 565001 566000
alpha[567] 566001 567000
alpha[568] 567001 568000
alpha[569] 568001 569000
alpha[570] 569001 570000
alpha[571] 570001 571000
alpha[572] 571001 572000
alpha[573] 572001 573000
alpha[574] 573001 574000
alpha[575] 574001 575000
alpha[576] 575001 576000
alpha[577] 576001 577000
alpha[578] 577001 578000
alpha[579] 578001 579000
alpha[580] 579001 580000
alpha[581] 580001 581000
alpha[582] 581001 582000
alpha[583] 582001 583000
alpha[584] 583001 584000
alpha[585] 584001 585000
alpha[586] 585001 586000
alpha[587] 586001 587000
beta[1] 587001 588000
beta[2] 588001 589000
beta[3] 589001 590000
beta[4] 590001 591000
beta[5] 591001 592000
beta[6] 592001 593000
beta[7] 593001 594000
beta[8] 594001 595000
beta[9] 595001 596000
beta[10] 596001 597000
beta[11] 597001 598000
beta[12] 598001 599000
beta[13] 599001 600000
beta[14] 600001 601000
beta[15] 601001 602000
beta[16] 602001 603000
beta[17] 603001 604000
beta[18] 604001 605000
beta[19] 605001 606000
beta[20] 606001 607000
beta[21] 607001 608000
beta[22] 608001 609000
beta[23] 609001 610000
beta[24] 610001 611000
beta[25] 611001 612000
beta[26] 612001 613000
beta[27] 613001 614000
beta[28] 614001 615000
beta[29] 615001 616000
beta[30] 616001 617000
beta[31] 617001 618000
beta[32] 618001 619000
beta[33] 619001 620000
beta[34] 620001 621000
beta[35] 621001 622000
beta[36] 622001 623000
beta[37] 623001 624000
beta[38] 624001 625000
beta[39] 625001 626000
beta[40] 626001 627000
beta[41] 627001 628000
beta[42] 628001 629000
beta[43] 629001 630000
beta[44] 630001 631000
beta[45] 631001 632000
beta[46] 632001 633000
beta[47] 633001 634000
beta[48] 634001 635000
beta[49] 635001 636000
beta[50] 636001 637000
beta[51] 637001 638000
beta[52] 638001 639000
beta[53] 639001 640000
beta[54] 640001 641000
beta[55] 641001 642000
beta[56] 642001 643000
beta[57] 643001 644000
beta[58] 644001 645000
beta[59] 645001 646000
beta[60] 646001 647000
beta[61] 647001 648000
beta[62] 648001 649000
beta[63] 649001 650000
beta[64] 650001 651000
beta[65] 651001 652000
beta[66] 652001 653000
beta[67] 653001 654000
beta[68] 654001 655000
beta[69] 655001 656000
beta[70] 656001 657000
beta[71] 657001 658000
beta[72] 658001 659000
beta[73] 659001 660000
beta[74] 660001 661000
beta[75] 661001 662000
beta[76] 662001 663000
beta[77] 663001 664000
beta[78] 664001 665000
beta[79] 665001 666000
beta[80] 666001 667000
beta[81] 667001 668000
beta[82] 668001 669000
beta[83] 669001 670000
beta[84] 670001 671000
beta[85] 671001 672000
beta[86] 672001 673000
beta[87] 673001 674000
beta[88] 674001 675000
beta[89] 675001 676000
beta[90] 676001 677000
beta[91] 677001 678000
beta[92] 678001 679000
beta[93] 679001 680000
beta[94] 680001 681000
beta[95] 681001 682000
beta[96] 682001 683000
beta[97] 683001 684000
beta[98] 684001 685000
beta[99] 685001 686000
beta[100] 686001 687000
beta[101] 687001 688000
beta[102] 688001 689000
beta[103] 689001 690000
beta[104] 690001 691000
beta[105] 691001 692000
beta[106] 692001 693000
beta[107] 693001 694000
beta[108] 694001 695000
beta[109] 695001 696000
beta[110] 696001 697000
beta[111] 697001 698000
beta[112] 698001 699000
beta[113] 699001 700000
beta[114] 700001 701000
beta[115] 701001 702000
beta[116] 702001 703000
beta[117] 703001 704000
beta[118] 704001 705000
beta[119] 705001 706000
beta[120] 706001 707000
beta[121] 707001 708000
beta[122] 708001 709000
beta[123] 709001 710000
beta[124] 710001 711000
beta[125] 711001 712000
beta[126] 712001 713000
beta[127] 713001 714000
beta[128] 714001 715000
beta[129] 715001 716000
beta[130] 716001 717000
beta[131] 717001 718000
beta[132] 718001 719000
beta[133] 719001 720000
beta[134] 720001 721000
beta[135] 721001 722000
beta[136] 722001 723000
beta[137] 723001 724000
beta[138] 724001 725000
beta[139] 725001 726000
beta[140] 726001 727000
beta[141] 727001 728000
beta[142] 728001 729000
beta[143] 729001 730000
beta[144] 730001 731000
beta[145] 731001 732000
beta[146] 732001 733000
beta[147] 733001 734000
beta[148] 734001 735000
beta[149] 735001 736000
beta[150] 736001 737000
beta[151] 737001 738000
beta[152] 738001 739000
beta[153] 739001 740000
beta[154] 740001 741000
beta[155] 741001 742000
beta[156] 742001 743000
beta[157] 743001 744000
beta[158] 744001 745000
beta[159] 745001 746000
beta[160] 746001 747000
beta[161] 747001 748000
beta[162] 748001 749000
beta[163] 749001 750000
beta[164] 750001 751000
beta[165] 751001 752000
beta[166] 752001 753000
beta[167] 753001 754000
beta[168] 754001 755000
beta[169] 755001 756000
beta[170] 756001 757000
beta[171] 757001 758000
beta[172] 758001 759000
beta[173] 759001 760000
beta[174] 760001 761000
beta[175] 761001 762000
beta[176] 762001 763000
beta[177] 763001 764000
beta[178] 764001 765000
beta[179] 765001 766000
beta[180] 766001 767000
beta[181] 767001 768000
beta[182] 768001 769000
beta[183] 769001 770000
beta[184] 770001 771000
beta[185] 771001 772000
beta[186] 772001 773000
beta[187] 773001 774000
beta[188] 774001 775000
beta[189] 775001 776000
beta[190] 776001 777000
beta[191] 777001 778000
beta[192] 778001 779000
beta[193] 779001 780000
beta[194] 780001 781000
beta[195] 781001 782000
beta[196] 782001 783000
beta[197] 783001 784000
beta[198] 784001 785000
beta[199] 785001 786000
beta[200] 786001 787000
beta[201] 787001 788000
beta[202] 788001 789000
beta[203] 789001 790000
beta[204] 790001 791000
beta[205] 791001 792000
beta[206] 792001 793000
beta[207] 793001 794000
beta[208] 794001 795000
beta[209] 795001 796000
beta[210] 796001 797000
beta[211] 797001 798000
beta[212] 798001 799000
beta[213] 799001 800000
beta[214] 800001 801000
beta[215] 801001 802000
beta[216] 802001 803000
beta[217] 803001 804000
beta[218] 804001 805000
beta[219] 805001 806000
beta[220] 806001 807000
beta[221] 807001 808000
beta[222] 808001 809000
beta[223] 809001 810000
beta[224] 810001 811000
beta[225] 811001 812000
beta[226] 812001 813000
beta[227] 813001 814000
beta[228] 814001 815000
beta[229] 815001 816000
beta[230] 816001 817000
beta[231] 817001 818000
beta[232] 818001 819000
beta[233] 819001 820000
beta[234] 820001 821000
beta[235] 821001 822000
beta[236] 822001 823000
beta[237] 823001 824000
beta[238] 824001 825000
beta[239] 825001 826000
beta[240] 826001 827000
beta[241] 827001 828000
beta[242] 828001 829000
beta[243] 829001 830000
beta[244] 830001 831000
beta[245] 831001 832000
beta[246] 832001 833000
beta[247] 833001 834000
beta[248] 834001 835000
beta[249] 835001 836000
beta[250] 836001 837000
beta[251] 837001 838000
beta[252] 838001 839000
beta[253] 839001 840000
beta[254] 840001 841000
beta[255] 841001 842000
beta[256] 842001 843000
beta[257] 843001 844000
beta[258] 844001 845000
beta[259] 845001 846000
beta[260] 846001 847000
beta[261] 847001 848000
beta[262] 848001 849000
beta[263] 849001 850000
beta[264] 850001 851000
beta[265] 851001 852000
beta[266] 852001 853000
beta[267] 853001 854000
beta[268] 854001 855000
beta[269] 855001 856000
beta[270] 856001 857000
beta[271] 857001 858000
beta[272] 858001 859000
beta[273] 859001 860000
beta[274] 860001 861000
beta[275] 861001 862000
beta[276] 862001 863000
beta[277] 863001 864000
beta[278] 864001 865000
beta[279] 865001 866000
beta[280] 866001 867000
beta[281] 867001 868000
beta[282] 868001 869000
beta[283] 869001 870000
beta[284] 870001 871000
beta[285] 871001 872000
beta[286] 872001 873000
beta[287] 873001 874000
beta[288] 874001 875000
beta[289] 875001 876000
beta[290] 876001 877000
beta[291] 877001 878000
beta[292] 878001 879000
beta[293] 879001 880000
beta[294] 880001 881000
beta[295] 881001 882000
beta[296] 882001 883000
beta[297] 883001 884000
beta[298] 884001 885000
beta[299] 885001 886000
beta[300] 886001 887000
beta[301] 887001 888000
beta[302] 888001 889000
beta[303] 889001 890000
beta[304] 890001 891000
beta[305] 891001 892000
beta[306] 892001 893000
beta[307] 893001 894000
beta[308] 894001 895000
beta[309] 895001 896000
beta[310] 896001 897000
beta[311] 897001 898000
beta[312] 898001 899000
beta[313] 899001 900000
beta[314] 900001 901000
beta[315] 901001 902000
beta[316] 902001 903000
beta[317] 903001 904000
beta[318] 904001 905000
beta[319] 905001 906000
beta[320] 906001 907000
beta[321] 907001 908000
beta[322] 908001 909000
beta[323] 909001 910000
beta[324] 910001 911000
beta[325] 911001 912000
beta[326] 912001 913000
beta[327] 913001 914000
beta[328] 914001 915000
beta[329] 915001 916000
beta[330] 916001 917000
beta[331] 917001 918000
beta[332] 918001 919000
beta[333] 919001 920000
beta[334] 920001 921000
beta[335] 921001 922000
beta[336] 922001 923000
beta[337] 923001 924000
beta[338] 924001 925000
beta[339] 925001 926000
beta[340] 926001 927000
beta[341] 927001 928000
beta[342] 928001 929000
beta[343] 929001 930000
beta[344] 930001 931000
beta[345] 931001 932000
beta[346] 932001 933000
beta[347] 933001 934000
beta[348] 934001 935000
beta[349] 935001 936000
beta[350] 936001 937000
beta[351] 937001 938000
beta[352] 938001 939000
beta[353] 939001 940000
beta[354] 940001 941000
beta[355] 941001 942000
beta[356] 942001 943000
beta[357] 943001 944000
beta[358] 944001 945000
beta[359] 945001 946000
beta[360] 946001 947000
beta[361] 947001 948000
beta[362] 948001 949000
beta[363] 949001 950000
beta[364] 950001 951000
beta[365] 951001 952000
beta[366] 952001 953000
beta[367] 953001 954000
beta[368] 954001 955000
beta[369] 955001 956000
beta[370] 956001 957000
beta[371] 957001 958000
beta[372] 958001 959000
beta[373] 959001 960000
beta[374] 960001 961000
beta[375] 961001 962000
beta[376] 962001 963000
beta[377] 963001 964000
beta[378] 964001 965000
beta[379] 965001 966000
beta[380] 966001 967000
beta[381] 967001 968000
beta[382] 968001 969000
beta[383] 969001 970000
beta[384] 970001 971000
beta[385] 971001 972000
beta[386] 972001 973000
beta[387] 973001 974000
beta[388] 974001 975000
beta[389] 975001 976000
beta[390] 976001 977000
beta[391] 977001 978000
beta[392] 978001 979000
beta[393] 979001 980000
beta[394] 980001 981000
beta[395] 981001 982000
beta[396] 982001 983000
beta[397] 983001 984000
beta[398] 984001 985000
beta[399] 985001 986000
beta[400] 986001 987000
beta[401] 987001 988000
beta[402] 988001 989000
beta[403] 989001 990000
beta[404] 990001 991000
beta[405] 991001 992000
beta[406] 992001 993000
beta[407] 993001 994000
beta[408] 994001 995000
beta[409] 995001 996000
beta[410] 996001 997000
beta[411] 997001 998000
beta[412] 998001 999000
beta[413] 999001 1000000
beta[414] 1000001 1001000
beta[415] 1001001 1002000
beta[416] 1002001 1003000
beta[417] 1003001 1004000
beta[418] 1004001 1005000
beta[419] 1005001 1006000
beta[420] 1006001 1007000
beta[421] 1007001 1008000
beta[422] 1008001 1009000
beta[423] 1009001 1010000
beta[424] 1010001 1011000
beta[425] 1011001 1012000
beta[426] 1012001 1013000
beta[427] 1013001 1014000
beta[428] 1014001 1015000
beta[429] 1015001 1016000
beta[430] 1016001 1017000
beta[431] 1017001 1018000
beta[432] 1018001 1019000
beta[433] 1019001 1020000
beta[434] 1020001 1021000
beta[435] 1021001 1022000
beta[436] 1022001 1023000
beta[437] 1023001 1024000
beta[438] 1024001 1025000
beta[439] 1025001 1026000
beta[440] 1026001 1027000
beta[441] 1027001 1028000
beta[442] 1028001 1029000
beta[443] 1029001 1030000
beta[444] 1030001 1031000
beta[445] 1031001 1032000
beta[446] 1032001 1033000
beta[447] 1033001 1034000
beta[448] 1034001 1035000
beta[449] 1035001 1036000
beta[450] 1036001 1037000
beta[451] 1037001 1038000
beta[452] 1038001 1039000
beta[453] 1039001 1040000
beta[454] 1040001 1041000
beta[455] 1041001 1042000
beta[456] 1042001 1043000
beta[457] 1043001 1044000
beta[458] 1044001 1045000
beta[459] 1045001 1046000
beta[460] 1046001 1047000
beta[461] 1047001 1048000
beta[462] 1048001 1049000
beta[463] 1049001 1050000
beta[464] 1050001 1051000
beta[465] 1051001 1052000
beta[466] 1052001 1053000
beta[467] 1053001 1054000
beta[468] 1054001 1055000
beta[469] 1055001 1056000
beta[470] 1056001 1057000
beta[471] 1057001 1058000
beta[472] 1058001 1059000
beta[473] 1059001 1060000
beta[474] 1060001 1061000
beta[475] 1061001 1062000
beta[476] 1062001 1063000
beta[477] 1063001 1064000
beta[478] 1064001 1065000
beta[479] 1065001 1066000
beta[480] 1066001 1067000
beta[481] 1067001 1068000
beta[482] 1068001 1069000
beta[483] 1069001 1070000
beta[484] 1070001 1071000
beta[485] 1071001 1072000
beta[486] 1072001 1073000
beta[487] 1073001 1074000
beta[488] 1074001 1075000
beta[489] 1075001 1076000
beta[490] 1076001 1077000
beta[491] 1077001 1078000
beta[492] 1078001 1079000
beta[493] 1079001 1080000
beta[494] 1080001 1081000
beta[495] 1081001 1082000
beta[496] 1082001 1083000
beta[497] 1083001 1084000
beta[498] 1084001 1085000
beta[499] 1085001 1086000
beta[500] 1086001 1087000
beta[501] 1087001 1088000
beta[502] 1088001 1089000
beta[503] 1089001 1090000
beta[504] 1090001 1091000
beta[505] 1091001 1092000
beta[506] 1092001 1093000
beta[507] 1093001 1094000
beta[508] 1094001 1095000
beta[509] 1095001 1096000
beta[510] 1096001 1097000
beta[511] 1097001 1098000
beta[512] 1098001 1099000
beta[513] 1099001 1100000
beta[514] 1100001 1101000
beta[515] 1101001 1102000
beta[516] 1102001 1103000
beta[517] 1103001 1104000
beta[518] 1104001 1105000
beta[519] 1105001 1106000
beta[520] 1106001 1107000
beta[521] 1107001 1108000
beta[522] 1108001 1109000
beta[523] 1109001 1110000
beta[524] 1110001 1111000
beta[525] 1111001 1112000
beta[526] 1112001 1113000
beta[527] 1113001 1114000
beta[528] 1114001 1115000
beta[529] 1115001 1116000
beta[530] 1116001 1117000
beta[531] 1117001 1118000
beta[532] 1118001 1119000
beta[533] 1119001 1120000
beta[534] 1120001 1121000
beta[535] 1121001 1122000
beta[536] 1122001 1123000
beta[537] 1123001 1124000
beta[538] 1124001 1125000
beta[539] 1125001 1126000
beta[540] 1126001 1127000
beta[541] 1127001 1128000
beta[542] 1128001 1129000
beta[543] 1129001 1130000
beta[544] 1130001 1131000
beta[545] 1131001 1132000
beta[546] 1132001 1133000
beta[547] 1133001 1134000
beta[548] 1134001 1135000
beta[549] 1135001 1136000
beta[550] 1136001 1137000
beta[551] 1137001 1138000
beta[552] 1138001 1139000
beta[553] 1139001 1140000
beta[554] 1140001 1141000
beta[555] 1141001 1142000
beta[556] 1142001 1143000
beta[557] 1143001 1144000
beta[558] 1144001 1145000
beta[559] 1145001 1146000
beta[560] 1146001 1147000
beta[561] 1147001 1148000
beta[562] 1148001 1149000
beta[563] 1149001 1150000
beta[564] 1150001 1151000
beta[565] 1151001 1152000
beta[566] 1152001 1153000
beta[567] 1153001 1154000
beta[568] 1154001 1155000
beta[569] 1155001 1156000
beta[570] 1156001 1157000
beta[571] 1157001 1158000
beta[572] 1158001 1159000
beta[573] 1159001 1160000
beta[574] 1160001 1161000
beta[575] 1161001 1162000
beta[576] 1162001 1163000
beta[577] 1163001 1164000
beta[578] 1164001 1165000
beta[579] 1165001 1166000
beta[580] 1166001 1167000
beta[581] 1167001 1168000
beta[582] 1168001 1169000
beta[583] 1169001 1170000
beta[584] 1170001 1171000
beta[585] 1171001 1172000
beta[586] 1172001 1173000
beta[587] 1173001 1174000
tau[1] 1174001 1175000
tau[2] 1175001 1176000
tau[3] 1176001 1177000
tau[4] 1177001 1178000
tau[5] 1178001 1179000
tau[6] 1179001 1180000
tau[7] 1180001 1181000
tau[8] 1181001 1182000
tau[9] 1182001 1183000
tau[10] 1183001 1184000
tau[11] 1184001 1185000
tau[12] 1185001 1186000
tau[13] 1186001 1187000
tau[14] 1187001 1188000
tau[15] 1188001 1189000
tau[16] 1189001 1190000
tau[17] 1190001 1191000
tau[18] 1191001 1192000
tau[19] 1192001 1193000
tau[20] 1193001 1194000
tau[21] 1194001 1195000
tau[22] 1195001 1196000
tau[23] 1196001 1197000
tau[24] 1197001 1198000
tau[25] 1198001 1199000
tau[26] 1199001 1200000
tau[27] 1200001 1201000
tau[28] 1201001 1202000
tau[29] 1202001 1203000
tau[30] 1203001 1204000
tau[31] 1204001 1205000
tau[32] 1205001 1206000
tau[33] 1206001 1207000
tau[34] 1207001 1208000
tau[35] 1208001 1209000
tau[36] 1209001 1210000
tau[37] 1210001 1211000
tau[38] 1211001 1212000
tau[39] 1212001 1213000
tau[40] 1213001 1214000
tau[41] 1214001 1215000
tau[42] 1215001 1216000
tau[43] 1216001 1217000
tau[44] 1217001 1218000
tau[45] 1218001 1219000
tau[46] 1219001 1220000
tau[47] 1220001 1221000
tau[48] 1221001 1222000
tau[49] 1222001 1223000
tau[50] 1223001 1224000
tau[51] 1224001 1225000
tau[52] 1225001 1226000
tau[53] 1226001 1227000
tau[54] 1227001 1228000
tau[55] 1228001 1229000
tau[56] 1229001 1230000
tau[57] 1230001 1231000
tau[58] 1231001 1232000
tau[59] 1232001 1233000
tau[60] 1233001 1234000
tau[61] 1234001 1235000
tau[62] 1235001 1236000
tau[63] 1236001 1237000
tau[64] 1237001 1238000
tau[65] 1238001 1239000
tau[66] 1239001 1240000
tau[67] 1240001 1241000
tau[68] 1241001 1242000
tau[69] 1242001 1243000
tau[70] 1243001 1244000
tau[71] 1244001 1245000
tau[72] 1245001 1246000
tau[73] 1246001 1247000
tau[74] 1247001 1248000
tau[75] 1248001 1249000
tau[76] 1249001 1250000
tau[77] 1250001 1251000
tau[78] 1251001 1252000
tau[79] 1252001 1253000
tau[80] 1253001 1254000
tau[81] 1254001 1255000
tau[82] 1255001 1256000
tau[83] 1256001 1257000
tau[84] 1257001 1258000
tau[85] 1258001 1259000
tau[86] 1259001 1260000
tau[87] 1260001 1261000
tau[88] 1261001 1262000
tau[89] 1262001 1263000
tau[90] 1263001 1264000
tau[91] 1264001 1265000
tau[92] 1265001 1266000
tau[93] 1266001 1267000
tau[94] 1267001 1268000
tau[95] 1268001 1269000
tau[96] 1269001 1270000
tau[97] 1270001 1271000
tau[98] 1271001 1272000
tau[99] 1272001 1273000
tau[100] 1273001 1274000
tau[101] 1274001 1275000
tau[102] 1275001 1276000
tau[103] 1276001 1277000
tau[104] 1277001 1278000
tau[105] 1278001 1279000
tau[106] 1279001 1280000
tau[107] 1280001 1281000
tau[108] 1281001 1282000
tau[109] 1282001 1283000
tau[110] 1283001 1284000
tau[111] 1284001 1285000
tau[112] 1285001 1286000
tau[113] 1286001 1287000
tau[114] 1287001 1288000
tau[115] 1288001 1289000
tau[116] 1289001 1290000
tau[117] 1290001 1291000
tau[118] 1291001 1292000
tau[119] 1292001 1293000
tau[120] 1293001 1294000
tau[121] 1294001 1295000
tau[122] 1295001 1296000
tau[123] 1296001 1297000
tau[124] 1297001 1298000
tau[125] 1298001 1299000
tau[126] 1299001 1300000
tau[127] 1300001 1301000
tau[128] 1301001 1302000
tau[129] 1302001 1303000
tau[130] 1303001 1304000
tau[131] 1304001 1305000
tau[132] 1305001 1306000
tau[133] 1306001 1307000
tau[134] 1307001 1308000
tau[135] 1308001 1309000
tau[136] 1309001 1310000
tau[137] 1310001 1311000
tau[138] 1311001 1312000
tau[139] 1312001 1313000
tau[140] 1313001 1314000
tau[141] 1314001 1315000
tau[142] 1315001 1316000
tau[143] 1316001 1317000
tau[144] 1317001 1318000
tau[145] 1318001 1319000
tau[146] 1319001 1320000
tau[147] 1320001 1321000
tau[148] 1321001 1322000
tau[149] 1322001 1323000
tau[150] 1323001 1324000
tau[151] 1324001 1325000
tau[152] 1325001 1326000
tau[153] 1326001 1327000
tau[154] 1327001 1328000
tau[155] 1328001 1329000
tau[156] 1329001 1330000
tau[157] 1330001 1331000
tau[158] 1331001 1332000
tau[159] 1332001 1333000
tau[160] 1333001 1334000
tau[161] 1334001 1335000
tau[162] 1335001 1336000
tau[163] 1336001 1337000
tau[164] 1337001 1338000
tau[165] 1338001 1339000
tau[166] 1339001 1340000
tau[167] 1340001 1341000
tau[168] 1341001 1342000
tau[169] 1342001 1343000
tau[170] 1343001 1344000
tau[171] 1344001 1345000
tau[172] 1345001 1346000
tau[173] 1346001 1347000
tau[174] 1347001 1348000
tau[175] 1348001 1349000
tau[176] 1349001 1350000
tau[177] 1350001 1351000
tau[178] 1351001 1352000
tau[179] 1352001 1353000
tau[180] 1353001 1354000
tau[181] 1354001 1355000
tau[182] 1355001 1356000
tau[183] 1356001 1357000
tau[184] 1357001 1358000
tau[185] 1358001 1359000
tau[186] 1359001 1360000
tau[187] 1360001 1361000
tau[188] 1361001 1362000
tau[189] 1362001 1363000
tau[190] 1363001 1364000
tau[191] 1364001 1365000
tau[192] 1365001 1366000
tau[193] 1366001 1367000
tau[194] 1367001 1368000
tau[195] 1368001 1369000
tau[196] 1369001 1370000
tau[197] 1370001 1371000
tau[198] 1371001 1372000
tau[199] 1372001 1373000
tau[200] 1373001 1374000
tau[201] 1374001 1375000
tau[202] 1375001 1376000
tau[203] 1376001 1377000
tau[204] 1377001 1378000
tau[205] 1378001 1379000
tau[206] 1379001 1380000
tau[207] 1380001 1381000
tau[208] 1381001 1382000
tau[209] 1382001 1383000
tau[210] 1383001 1384000
tau[211] 1384001 1385000
tau[212] 1385001 1386000
tau[213] 1386001 1387000
tau[214] 1387001 1388000
tau[215] 1388001 1389000
tau[216] 1389001 1390000
tau[217] 1390001 1391000
tau[218] 1391001 1392000
tau[219] 1392001 1393000
tau[220] 1393001 1394000
tau[221] 1394001 1395000
tau[222] 1395001 1396000
tau[223] 1396001 1397000
tau[224] 1397001 1398000
tau[225] 1398001 1399000
tau[226] 1399001 1400000
tau[227] 1400001 1401000
tau[228] 1401001 1402000
tau[229] 1402001 1403000
tau[230] 1403001 1404000
tau[231] 1404001 1405000
tau[232] 1405001 1406000
tau[233] 1406001 1407000
tau[234] 1407001 1408000
tau[235] 1408001 1409000
tau[236] 1409001 1410000
tau[237] 1410001 1411000
tau[238] 1411001 1412000
tau[239] 1412001 1413000
tau[240] 1413001 1414000
tau[241] 1414001 1415000
tau[242] 1415001 1416000
tau[243] 1416001 1417000
tau[244] 1417001 1418000
tau[245] 1418001 1419000
tau[246] 1419001 1420000
tau[247] 1420001 1421000
tau[248] 1421001 1422000
tau[249] 1422001 1423000
tau[250] 1423001 1424000
tau[251] 1424001 1425000
tau[252] 1425001 1426000
tau[253] 1426001 1427000
tau[254] 1427001 1428000
tau[255] 1428001 1429000
tau[256] 1429001 1430000
tau[257] 1430001 1431000
tau[258] 1431001 1432000
tau[259] 1432001 1433000
tau[260] 1433001 1434000
tau[261] 1434001 1435000
tau[262] 1435001 1436000
tau[263] 1436001 1437000
tau[264] 1437001 1438000
tau[265] 1438001 1439000
tau[266] 1439001 1440000
tau[267] 1440001 1441000
tau[268] 1441001 1442000
tau[269] 1442001 1443000
tau[270] 1443001 1444000
tau[271] 1444001 1445000
tau[272] 1445001 1446000
tau[273] 1446001 1447000
tau[274] 1447001 1448000
tau[275] 1448001 1449000
tau[276] 1449001 1450000
tau[277] 1450001 1451000
tau[278] 1451001 1452000
tau[279] 1452001 1453000
tau[280] 1453001 1454000
tau[281] 1454001 1455000
tau[282] 1455001 1456000
tau[283] 1456001 1457000
tau[284] 1457001 1458000
tau[285] 1458001 1459000
tau[286] 1459001 1460000
tau[287] 1460001 1461000
tau[288] 1461001 1462000
tau[289] 1462001 1463000
tau[290] 1463001 1464000
tau[291] 1464001 1465000
tau[292] 1465001 1466000
tau[293] 1466001 1467000
tau[294] 1467001 1468000
tau[295] 1468001 1469000
tau[296] 1469001 1470000
tau[297] 1470001 1471000
tau[298] 1471001 1472000
tau[299] 1472001 1473000
tau[300] 1473001 1474000
tau[301] 1474001 1475000
tau[302] 1475001 1476000
tau[303] 1476001 1477000
tau[304] 1477001 1478000
tau[305] 1478001 1479000
tau[306] 1479001 1480000
tau[307] 1480001 1481000
tau[308] 1481001 1482000
tau[309] 1482001 1483000
tau[310] 1483001 1484000
tau[311] 1484001 1485000
tau[312] 1485001 1486000
tau[313] 1486001 1487000
tau[314] 1487001 1488000
tau[315] 1488001 1489000
tau[316] 1489001 1490000
tau[317] 1490001 1491000
tau[318] 1491001 1492000
tau[319] 1492001 1493000
tau[320] 1493001 1494000
tau[321] 1494001 1495000
tau[322] 1495001 1496000
tau[323] 1496001 1497000
tau[324] 1497001 1498000
tau[325] 1498001 1499000
tau[326] 1499001 1500000
tau[327] 1500001 1501000
tau[328] 1501001 1502000
tau[329] 1502001 1503000
tau[330] 1503001 1504000
tau[331] 1504001 1505000
tau[332] 1505001 1506000
tau[333] 1506001 1507000
tau[334] 1507001 1508000
tau[335] 1508001 1509000
tau[336] 1509001 1510000
tau[337] 1510001 1511000
tau[338] 1511001 1512000
tau[339] 1512001 1513000
tau[340] 1513001 1514000
tau[341] 1514001 1515000
tau[342] 1515001 1516000
tau[343] 1516001 1517000
tau[344] 1517001 1518000
tau[345] 1518001 1519000
tau[346] 1519001 1520000
tau[347] 1520001 1521000
tau[348] 1521001 1522000
tau[349] 1522001 1523000
tau[350] 1523001 1524000
tau[351] 1524001 1525000
tau[352] 1525001 1526000
tau[353] 1526001 1527000
tau[354] 1527001 1528000
tau[355] 1528001 1529000
tau[356] 1529001 1530000
tau[357] 1530001 1531000
tau[358] 1531001 1532000
tau[359] 1532001 1533000
tau[360] 1533001 1534000
tau[361] 1534001 1535000
tau[362] 1535001 1536000
tau[363] 1536001 1537000
tau[364] 1537001 1538000
tau[365] 1538001 1539000
tau[366] 1539001 1540000
tau[367] 1540001 1541000
tau[368] 1541001 1542000
tau[369] 1542001 1543000
tau[370] 1543001 1544000
tau[371] 1544001 1545000
tau[372] 1545001 1546000
tau[373] 1546001 1547000
tau[374] 1547001 1548000
tau[375] 1548001 1549000
tau[376] 1549001 1550000
tau[377] 1550001 1551000
tau[378] 1551001 1552000
tau[379] 1552001 1553000
tau[380] 1553001 1554000
tau[381] 1554001 1555000
tau[382] 1555001 1556000
tau[383] 1556001 1557000
tau[384] 1557001 1558000
tau[385] 1558001 1559000
tau[386] 1559001 1560000
tau[387] 1560001 1561000
tau[388] 1561001 1562000
tau[389] 1562001 1563000
tau[390] 1563001 1564000
tau[391] 1564001 1565000
tau[392] 1565001 1566000
tau[393] 1566001 1567000
tau[394] 1567001 1568000
tau[395] 1568001 1569000
tau[396] 1569001 1570000
tau[397] 1570001 1571000
tau[398] 1571001 1572000
tau[399] 1572001 1573000
tau[400] 1573001 1574000
tau[401] 1574001 1575000
tau[402] 1575001 1576000
tau[403] 1576001 1577000
tau[404] 1577001 1578000
tau[405] 1578001 1579000
tau[406] 1579001 1580000
tau[407] 1580001 1581000
tau[408] 1581001 1582000
tau[409] 1582001 1583000
tau[410] 1583001 1584000
tau[411] 1584001 1585000
tau[412] 1585001 1586000
tau[413] 1586001 1587000
tau[414] 1587001 1588000
tau[415] 1588001 1589000
tau[416] 1589001 1590000
tau[417] 1590001 1591000
tau[418] 1591001 1592000
tau[419] 1592001 1593000
tau[420] 1593001 1594000
tau[421] 1594001 1595000
tau[422] 1595001 1596000
tau[423] 1596001 1597000
tau[424] 1597001 1598000
tau[425] 1598001 1599000
tau[426] 1599001 1600000
tau[427] 1600001 1601000
tau[428] 1601001 1602000
tau[429] 1602001 1603000
tau[430] 1603001 1604000
tau[431] 1604001 1605000
tau[432] 1605001 1606000
tau[433] 1606001 1607000
tau[434] 1607001 1608000
tau[435] 1608001 1609000
tau[436] 1609001 1610000
tau[437] 1610001 1611000
tau[438] 1611001 1612000
tau[439] 1612001 1613000
tau[440] 1613001 1614000
tau[441] 1614001 1615000
tau[442] 1615001 1616000
tau[443] 1616001 1617000
tau[444] 1617001 1618000
tau[445] 1618001 1619000
tau[446] 1619001 1620000
tau[447] 1620001 1621000
tau[448] 1621001 1622000
tau[449] 1622001 1623000
tau[450] 1623001 1624000
tau[451] 1624001 1625000
tau[452] 1625001 1626000
tau[453] 1626001 1627000
tau[454] 1627001 1628000
tau[455] 1628001 1629000
tau[456] 1629001 1630000
tau[457] 1630001 1631000
tau[458] 1631001 1632000
tau[459] 1632001 1633000
tau[460] 1633001 1634000
tau[461] 1634001 1635000
tau[462] 1635001 1636000
tau[463] 1636001 1637000
tau[464] 1637001 1638000
tau[465] 1638001 1639000
tau[466] 1639001 1640000
tau[467] 1640001 1641000
tau[468] 1641001 1642000
tau[469] 1642001 1643000
tau[470] 1643001 1644000
tau[471] 1644001 1645000
tau[472] 1645001 1646000
tau[473] 1646001 1647000
tau[474] 1647001 1648000
tau[475] 1648001 1649000
tau[476] 1649001 1650000
tau[477] 1650001 1651000
tau[478] 1651001 1652000
tau[479] 1652001 1653000
tau[480] 1653001 1654000
tau[481] 1654001 1655000
tau[482] 1655001 1656000
tau[483] 1656001 1657000
tau[484] 1657001 1658000
tau[485] 1658001 1659000
tau[486] 1659001 1660000
tau[487] 1660001 1661000
tau[488] 1661001 1662000
tau[489] 1662001 1663000
tau[490] 1663001 1664000
tau[491] 1664001 1665000
tau[492] 1665001 1666000
tau[493] 1666001 1667000
tau[494] 1667001 1668000
tau[495] 1668001 1669000
tau[496] 1669001 1670000
tau[497] 1670001 1671000
tau[498] 1671001 1672000
tau[499] 1672001 1673000
tau[500] 1673001 1674000
tau[501] 1674001 1675000
tau[502] 1675001 1676000
tau[503] 1676001 1677000
tau[504] 1677001 1678000
tau[505] 1678001 1679000
tau[506] 1679001 1680000
tau[507] 1680001 1681000
tau[508] 1681001 1682000
tau[509] 1682001 1683000
tau[510] 1683001 1684000
tau[511] 1684001 1685000
tau[512] 1685001 1686000
tau[513] 1686001 1687000
tau[514] 1687001 1688000
tau[515] 1688001 1689000
tau[516] 1689001 1690000
tau[517] 1690001 1691000
tau[518] 1691001 1692000
tau[519] 1692001 1693000
tau[520] 1693001 1694000
tau[521] 1694001 1695000
tau[522] 1695001 1696000
tau[523] 1696001 1697000
tau[524] 1697001 1698000
tau[525] 1698001 1699000
tau[526] 1699001 1700000
tau[527] 1700001 1701000
tau[528] 1701001 1702000
tau[529] 1702001 1703000
tau[530] 1703001 1704000
tau[531] 1704001 1705000
tau[532] 1705001 1706000
tau[533] 1706001 1707000
tau[534] 1707001 1708000
tau[535] 1708001 1709000
tau[536] 1709001 1710000
tau[537] 1710001 1711000
tau[538] 1711001 1712000
tau[539] 1712001 1713000
tau[540] 1713001 1714000
tau[541] 1714001 1715000
tau[542] 1715001 1716000
tau[543] 1716001 1717000
tau[544] 1717001 1718000
tau[545] 1718001 1719000
tau[546] 1719001 1720000
tau[547] 1720001 1721000
tau[548] 1721001 1722000
tau[549] 1722001 1723000
tau[550] 1723001 1724000
tau[551] 1724001 1725000
tau[552] 1725001 1726000
tau[553] 1726001 1727000
tau[554] 1727001 1728000
tau[555] 1728001 1729000
tau[556] 1729001 1730000
tau[557] 1730001 1731000
tau[558] 1731001 1732000
tau[559] 1732001 1733000
tau[560] 1733001 1734000
tau[561] 1734001 1735000
tau[562] 1735001 1736000
tau[563] 1736001 1737000
tau[564] 1737001 1738000
tau[565] 1738001 1739000
tau[566] 1739001 1740000
tau[567] 1740001 1741000
tau[568] 1741001 1742000
tau[569] 1742001 1743000
tau[570] 1743001 1744000
tau[571] 1744001 1745000
tau[572] 1745001 1746000
tau[573] 1746001 1747000
tau[574] 1747001 1748000
tau[575] 1748001 1749000
tau[576] 1749001 1750000
tau[577] 1750001 1751000
tau[578] 1751001 1752000
tau[579] 1752001 1753000
tau[580] 1753001 1754000
tau[581] 1754001 1755000
tau[582] 1755001 1756000
tau[583] 1756001 1757000
tau[584] 1757001 1758000
tau[585] 1758001 1759000
tau[586] 1759001 1760000
tau[587] 1760001 1761000
tau[588] 1761001 1762000
tau[589] 1762001 1763000
tau[590] 1763001 1764000
tau[591] 1764001 1765000
tau[592] 1765001 1766000
tau[593] 1766001 1767000
tau[594] 1767001 1768000
tau[595] 1768001 1769000
tau[596] 1769001 1770000
tau[597] 1770001 1771000
tau[598] 1771001 1772000
tau[599] 1772001 1773000
tau[600] 1773001 1774000
tau[601] 1774001 1775000
tau[602] 1775001 1776000
tau[603] 1776001 1777000
tau[604] 1777001 1778000
tau[605] 1778001 1779000
tau[606] 1779001 1780000
tau[607] 1780001 1781000
tau[608] 1781001 1782000
tau[609] 1782001 1783000
tau[610] 1783001 1784000
tau[611] 1784001 1785000
tau[612] 1785001 1786000
tau[613] 1786001 1787000
tau[614] 1787001 1788000
tau[615] 1788001 1789000
tau[616] 1789001 1790000
tau[617] 1790001 1791000
tau[618] 1791001 1792000
tau[619] 1792001 1793000
tau[620] 1793001 1794000
tau[621] 1794001 1795000
tau[622] 1795001 1796000
tau[623] 1796001 1797000
tau[624] 1797001 1798000
tau[625] 1798001 1799000
tau[626] 1799001 1800000
tau[627] 1800001 1801000
tau[628] 1801001 1802000
tau[629] 1802001 1803000
tau[630] 1803001 1804000
tau[631] 1804001 1805000
tau[632] 1805001 1806000
tau[633] 1806001 1807000
tau[634] 1807001 1808000
tau[635] 1808001 1809000
tau[636] 1809001 1810000
tau[637] 1810001 1811000
tau[638] 1811001 1812000
tau[639] 1812001 1813000
tau[640] 1813001 1814000
tau[641] 1814001 1815000
tau[642] 1815001 1816000
tau[643] 1816001 1817000
tau[644] 1817001 1818000
tau[645] 1818001 1819000
tau[646] 1819001 1820000
tau[647] 1820001 1821000
tau[648] 1821001 1822000
tau[649] 1822001 1823000
tau[650] 1823001 1824000
tau[651] 1824001 1825000
tau[652] 1825001 1826000
tau[653] 1826001 1827000
tau[654] 1827001 1828000
tau[655] 1828001 1829000
tau[656] 1829001 1830000
tau[657] 1830001 1831000
tau[658] 1831001 1832000
tau[659] 1832001 1833000
tau[660] 1833001 1834000
tau[661] 1834001 1835000
tau[662] 1835001 1836000
tau[663] 1836001 1837000
tau[664] 1837001 1838000
tau[665] 1838001 1839000
tau[666] 1839001 1840000
tau[667] 1840001 1841000
tau[668] 1841001 1842000
tau[669] 1842001 1843000
tau[670] 1843001 1844000
tau[671] 1844001 1845000
tau[672] 1845001 1846000
tau[673] 1846001 1847000
tau[674] 1847001 1848000
tau[675] 1848001 1849000
tau[676] 1849001 1850000
tau[677] 1850001 1851000
tau[678] 1851001 1852000
tau[679] 1852001 1853000
tau[680] 1853001 1854000
tau[681] 1854001 1855000
tau[682] 1855001 1856000
tau[683] 1856001 1857000
tau[684] 1857001 1858000
tau[685] 1858001 1859000
tau[686] 1859001 1860000
tau[687] 1860001 1861000
tau[688] 1861001 1862000
tau[689] 1862001 1863000
tau[690] 1863001 1864000
tau[691] 1864001 1865000
tau[692] 1865001 1866000
tau[693] 1866001 1867000
tau[694] 1867001 1868000
tau[695] 1868001 1869000
tau[696] 1869001 1870000
tau[697] 1870001 1871000
tau[698] 1871001 1872000
tau[699] 1872001 1873000
tau[700] 1873001 1874000
tau[701] 1874001 1875000
tau[702] 1875001 1876000
tau[703] 1876001 1877000
tau[704] 1877001 1878000
tau[705] 1878001 1879000
tau[706] 1879001 1880000
tau[707] 1880001 1881000
tau[708] 1881001 1882000
tau[709] 1882001 1883000
tau[710] 1883001 1884000
tau[711] 1884001 1885000
tau[712] 1885001 1886000
tau[713] 1886001 1887000
tau[714] 1887001 1888000
tau[715] 1888001 1889000
tau[716] 1889001 1890000
tau[717] 1890001 1891000
tau[718] 1891001 1892000
tau[719] 1892001 1893000
tau[720] 1893001 1894000
tau[721] 1894001 1895000
tau[722] 1895001 1896000
tau[723] 1896001 1897000
tau[724] 1897001 1898000
tau[725] 1898001 1899000
tau[726] 1899001 1900000
tau[727] 1900001 1901000
tau[728] 1901001 1902000
tau[729] 1902001 1903000
tau[730] 1903001 1904000
tau[731] 1904001 1905000
tau[732] 1905001 1906000
tau[733] 1906001 1907000
tau[734] 1907001 1908000
tau[735] 1908001 1909000
tau[736] 1909001 1910000
tau[737] 1910001 1911000
tau[738] 1911001 1912000
tau[739] 1912001 1913000
tau[740] 1913001 1914000
tau[741] 1914001 1915000
tau[742] 1915001 1916000
tau[743] 1916001 1917000
tau[744] 1917001 1918000
tau[745] 1918001 1919000
tau[746] 1919001 1920000
tau[747] 1920001 1921000
tau[748] 1921001 1922000
tau[749] 1922001 1923000
tau[750] 1923001 1924000
tau[751] 1924001 1925000
tau[752] 1925001 1926000
tau[753] 1926001 1927000
tau[754] 1927001 1928000
tau[755] 1928001 1929000
tau[756] 1929001 1930000
tau[757] 1930001 1931000
tau[758] 1931001 1932000
tau[759] 1932001 1933000
tau[760] 1933001 1934000
tau[761] 1934001 1935000
tau[762] 1935001 1936000
tau[763] 1936001 1937000
tau[764] 1937001 1938000
tau[765] 1938001 1939000
tau[766] 1939001 1940000
tau[767] 1940001 1941000
tau[768] 1941001 1942000
tau[769] 1942001 1943000
tau[770] 1943001 1944000
tau[771] 1944001 1945000
tau[772] 1945001 1946000
tau[773] 1946001 1947000
tau[774] 1947001 1948000
tau[775] 1948001 1949000
tau[776] 1949001 1950000
tau[777] 1950001 1951000
tau[778] 1951001 1952000
tau[779] 1952001 1953000
tau[780] 1953001 1954000
tau[781] 1954001 1955000
tau[782] 1955001 1956000
tau[783] 1956001 1957000
tau[784] 1957001 1958000
tau[785] 1958001 1959000
tau[786] 1959001 1960000
tau[787] 1960001 1961000
tau[788] 1961001 1962000
tau[789] 1962001 1963000
tau[790] 1963001 1964000
tau[791] 1964001 1965000
tau[792] 1965001 1966000
tau[793] 1966001 1967000
tau[794] 1967001 1968000
tau[795] 1968001 1969000
tau[796] 1969001 1970000
tau[797] 1970001 1971000
tau[798] 1971001 1972000
tau[799] 1972001 1973000
tau[800] 1973001 1974000
tau[801] 1974001 1975000
tau[802] 1975001 1976000
tau[803] 1976001 1977000
tau[804] 1977001 1978000
tau[805] 1978001 1979000
tau[806] 1979001 1980000
tau[807] 1980001 1981000
tau[808] 1981001 1982000
tau[809] 1982001 1983000
tau[810] 1983001 1984000
tau[811] 1984001 1985000
tau[812] 1985001 1986000
tau[813] 1986001 1987000
tau[814] 1987001 1988000
tau[815] 1988001 1989000
tau[816] 1989001 1990000
tau[817] 1990001 1991000
tau[818] 1991001 1992000
tau[819] 1992001 1993000
tau[820] 1993001 1994000
tau[821] 1994001 1995000
tau[822] 1995001 1996000
tau[823] 1996001 1997000
tau[824] 1997001 1998000
tau[825] 1998001 1999000
tau[826] 1999001 2000000
tau[827] 2000001 2001000
tau[828] 2001001 2002000
tau[829] 2002001 2003000
tau[830] 2003001 2004000
tau[831] 2004001 2005000
tau[832] 2005001 2006000
tau[833] 2006001 2007000
tau[834] 2007001 2008000
tau[835] 2008001 2009000
tau[836] 2009001 2010000
tau[837] 2010001 2011000
tau[838] 2011001 2012000
tau[839] 2012001 2013000
tau[840] 2013001 2014000
tau[841] 2014001 2015000
tau[842] 2015001 2016000
tau[843] 2016001 2017000
tau[844] 2017001 2018000
tau[845] 2018001 2019000
tau[846] 2019001 2020000
tau[847] 2020001 2021000
tau[848] 2021001 2022000
tau[849] 2022001 2023000
tau[850] 2023001 2024000
tau[851] 2024001 2025000
tau[852] 2025001 2026000
tau[853] 2026001 2027000
tau[854] 2027001 2028000
tau[855] 2028001 2029000
tau[856] 2029001 2030000
tau[857] 2030001 2031000
tau[858] 2031001 2032000
tau[859] 2032001 2033000
tau[860] 2033001 2034000
tau[861] 2034001 2035000
tau[862] 2035001 2036000
tau[863] 2036001 2037000
tau[864] 2037001 2038000
tau[865] 2038001 2039000
tau[866] 2039001 2040000
tau[867] 2040001 2041000
tau[868] 2041001 2042000
tau[869] 2042001 2043000
tau[870] 2043001 2044000
tau[871] 2044001 2045000
tau[872] 2045001 2046000
tau[873] 2046001 2047000
tau[874] 2047001 2048000
tau[875] 2048001 2049000
tau[876] 2049001 2050000
tau[877] 2050001 2051000
tau[878] 2051001 2052000
tau[879] 2052001 2053000
tau[880] 2053001 2054000
tau[881] 2054001 2055000
tau[882] 2055001 2056000
tau[883] 2056001 2057000
tau[884] 2057001 2058000
tau[885] 2058001 2059000
tau[886] 2059001 2060000
tau[887] 2060001 2061000
tau[888] 2061001 2062000
tau[889] 2062001 2063000
tau[890] 2063001 2064000
tau[891] 2064001 2065000
tau[892] 2065001 2066000
tau[893] 2066001 2067000
tau[894] 2067001 2068000
tau[895] 2068001 2069000
tau[896] 2069001 2070000
tau[897] 2070001 2071000
tau[898] 2071001 2072000
tau[899] 2072001 2073000
tau[900] 2073001 2074000
tau[901] 2074001 2075000
tau[902] 2075001 2076000
tau[903] 2076001 2077000
tau[904] 2077001 2078000
tau[905] 2078001 2079000
tau[906] 2079001 2080000
tau[907] 2080001 2081000
tau[908] 2081001 2082000
tau[909] 2082001 2083000
tau[910] 2083001 2084000
tau[911] 2084001 2085000
tau[912] 2085001 2086000
tau[913] 2086001 2087000
tau[914] 2087001 2088000
tau[915] 2088001 2089000
tau[916] 2089001 2090000
tau[917] 2090001 2091000
tau[918] 2091001 2092000
tau[919] 2092001 2093000
tau[920] 2093001 2094000
tau[921] 2094001 2095000
tau[922] 2095001 2096000
tau[923] 2096001 2097000
tau[924] 2097001 2098000
tau[925] 2098001 2099000
tau[926] 2099001 2100000
tau[927] 2100001 2101000
tau[928] 2101001 2102000
tau[929] 2102001 2103000
tau[930] 2103001 2104000
tau[931] 2104001 2105000
tau[932] 2105001 2106000
tau[933] 2106001 2107000
tau[934] 2107001 2108000
tau[935] 2108001 2109000
tau[936] 2109001 2110000
tau[937] 2110001 2111000
tau[938] 2111001 2112000
tau[939] 2112001 2113000
tau[940] 2113001 2114000
tau[941] 2114001 2115000
tau[942] 2115001 2116000
tau[943] 2116001 2117000
tau[944] 2117001 2118000
tau[945] 2118001 2119000
tau[946] 2119001 2120000
tau[947] 2120001 2121000
tau[948] 2121001 2122000
tau[949] 2122001 2123000
tau[950] 2123001 2124000
tau[951] 2124001 2125000
tau[952] 2125001 2126000
tau[953] 2126001 2127000
tau[954] 2127001 2128000
tau[955] 2128001 2129000
tau[956] 2129001 2130000
tau[957] 2130001 2131000
tau[958] 2131001 2132000
tau[959] 2132001 2133000
tau[960] 2133001 2134000
tau[961] 2134001 2135000
tau[962] 2135001 2136000
tau[963] 2136001 2137000
tau[964] 2137001 2138000
tau[965] 2138001 2139000
tau[966] 2139001 2140000
tau[967] 2140001 2141000
tau[968] 2141001 2142000
tau[969] 2142001 2143000
tau[970] 2143001 2144000
tau[971] 2144001 2145000
tau[972] 2145001 2146000
tau[973] 2146001 2147000
tau[974] 2147001 2148000
tau[975] 2148001 2149000
tau[976] 2149001 2150000
tau[977] 2150001 2151000
tau[978] 2151001 2152000
tau[979] 2152001 2153000
tau[980] 2153001 2154000
tau[981] 2154001 2155000
tau[982] 2155001 2156000
tau[983] 2156001 2157000
tau[984] 2157001 2158000
tau[985] 2158001 2159000
tau[986] 2159001 2160000
tau[987] 2160001 2161000
tau[988] 2161001 2162000
tau[989] 2162001 2163000
tau[990] 2163001 2164000
tau[991] 2164001 2165000
tau[992] 2165001 2166000
tau[993] 2166001 2167000
tau[994] 2167001 2168000
tau[995] 2168001 2169000
tau[996] 2169001 2170000
tau[997] 2170001 2171000
tau[998] 2171001 2172000
tau[999] 2172001 2173000
tau[1000] 2173001 2174000
tau[1001] 2174001 2175000
tau[1002] 2175001 2176000
tau[1003] 2176001 2177000
tau[1004] 2177001 2178000
tau[1005] 2178001 2179000
tau[1006] 2179001 2180000
tau[1007] 2180001 2181000
tau[1008] 2181001 2182000
tau[1009] 2182001 2183000
tau[1010] 2183001 2184000
tau[1011] 2184001 2185000
tau[1012] 2185001 2186000
tau[1013] 2186001 2187000
tau[1014] 2187001 2188000
tau[1015] 2188001 2189000
tau[1016] 2189001 2190000
tau[1017] 2190001 2191000
tau[1018] 2191001 2192000
tau[1019] 2192001 2193000
tau[1020] 2193001 2194000
tau[1021] 2194001 2195000
tau[1022] 2195001 2196000
tau[1023] 2196001 2197000
tau[1024] 2197001 2198000
tau[1025] 2198001 2199000
tau[1026] 2199001 2200000
tau[1027] 2200001 2201000
tau[1028] 2201001 2202000
tau[1029] 2202001 2203000
tau[1030] 2203001 2204000
tau[1031] 2204001 2205000
tau[1032] 2205001 2206000
tau[1033] 2206001 2207000
tau[1034] 2207001 2208000
tau[1035] 2208001 2209000
tau[1036] 2209001 2210000
tau[1037] 2210001 2211000
tau[1038] 2211001 2212000
tau[1039] 2212001 2213000
tau[1040] 2213001 2214000
tau[1041] 2214001 2215000
tau[1042] 2215001 2216000
tau[1043] 2216001 2217000
tau[1044] 2217001 2218000
tau[1045] 2218001 2219000
tau[1046] 2219001 2220000
tau[1047] 2220001 2221000
tau[1048] 2221001 2222000
tau[1049] 2222001 2223000
tau[1050] 2223001 2224000
tau[1051] 2224001 2225000
tau[1052] 2225001 2226000
tau[1053] 2226001 2227000
tau[1054] 2227001 2228000
tau[1055] 2228001 2229000
tau[1056] 2229001 2230000
tau[1057] 2230001 2231000
tau[1058] 2231001 2232000
tau[1059] 2232001 2233000
tau[1060] 2233001 2234000
tau[1061] 2234001 2235000
tau[1062] 2235001 2236000
tau[1063] 2236001 2237000
tau[1064] 2237001 2238000
tau[1065] 2238001 2239000
tau[1066] 2239001 2240000
tau[1067] 2240001 2241000
tau[1068] 2241001 2242000
tau[1069] 2242001 2243000
tau[1070] 2243001 2244000
tau[1071] 2244001 2245000
tau[1072] 2245001 2246000
tau[1073] 2246001 2247000
tau[1074] 2247001 2248000
tau[1075] 2248001 2249000
tau[1076] 2249001 2250000
tau[1077] 2250001 2251000
tau[1078] 2251001 2252000
tau[1079] 2252001 2253000
tau[1080] 2253001 2254000
tau[1081] 2254001 2255000
tau[1082] 2255001 2256000
tau[1083] 2256001 2257000
tau[1084] 2257001 2258000
tau[1085] 2258001 2259000
tau[1086] 2259001 2260000
tau[1087] 2260001 2261000
tau[1088] 2261001 2262000
tau[1089] 2262001 2263000
tau[1090] 2263001 2264000
tau[1091] 2264001 2265000
tau[1092] 2265001 2266000
tau[1093] 2266001 2267000
tau[1094] 2267001 2268000
tau[1095] 2268001 2269000
tau[1096] 2269001 2270000
tau[1097] 2270001 2271000
tau[1098] 2271001 2272000
tau[1099] 2272001 2273000
tau[1100] 2273001 2274000
tau[1101] 2274001 2275000
tau[1102] 2275001 2276000
tau[1103] 2276001 2277000
tau[1104] 2277001 2278000
tau[1105] 2278001 2279000
tau[1106] 2279001 2280000
tau[1107] 2280001 2281000
tau[1108] 2281001 2282000
tau[1109] 2282001 2283000
tau[1110] 2283001 2284000
tau[1111] 2284001 2285000
tau[1112] 2285001 2286000
tau[1113] 2286001 2287000
tau[1114] 2287001 2288000
tau[1115] 2288001 2289000
tau[1116] 2289001 2290000
tau[1117] 2290001 2291000
tau[1118] 2291001 2292000
tau[1119] 2292001 2293000
tau[1120] 2293001 2294000
tau[1121] 2294001 2295000
tau[1122] 2295001 2296000
tau[1123] 2296001 2297000
tau[1124] 2297001 2298000
tau[1125] 2298001 2299000
tau[1126] 2299001 2300000
tau[1127] 2300001 2301000
tau[1128] 2301001 2302000
tau[1129] 2302001 2303000
tau[1130] 2303001 2304000
tau[1131] 2304001 2305000
tau[1132] 2305001 2306000
tau[1133] 2306001 2307000
tau[1134] 2307001 2308000
tau[1135] 2308001 2309000
tau[1136] 2309001 2310000
tau[1137] 2310001 2311000
tau[1138] 2311001 2312000
tau[1139] 2312001 2313000
tau[1140] 2313001 2314000
tau[1141] 2314001 2315000
tau[1142] 2315001 2316000
tau[1143] 2316001 2317000
tau[1144] 2317001 2318000
tau[1145] 2318001 2319000
tau[1146] 2319001 2320000
tau[1147] 2320001 2321000
tau[1148] 2321001 2322000
tau[1149] 2322001 2323000
tau[1150] 2323001 2324000
tau[1151] 2324001 2325000
tau[1152] 2325001 2326000
tau[1153] 2326001 2327000
tau[1154] 2327001 2328000
tau[1155] 2328001 2329000
tau[1156] 2329001 2330000
tau[1157] 2330001 2331000
tau[1158] 2331001 2332000
tau[1159] 2332001 2333000
tau[1160] 2333001 2334000
tau[1161] 2334001 2335000
tau[1162] 2335001 2336000
tau[1163] 2336001 2337000
tau[1164] 2337001 2338000
tau[1165] 2338001 2339000
tau[1166] 2339001 2340000
tau[1167] 2340001 2341000
tau[1168] 2341001 2342000
tau[1169] 2342001 2343000
tau[1170] 2343001 2344000
tau[1171] 2344001 2345000
tau[1172] 2345001 2346000
tau[1173] 2346001 2347000
tau[1174] 2347001 2348000
tau[1175] 2348001 2349000
tau[1176] 2349001 2350000
tau[1177] 2350001 2351000
tau[1178] 2351001 2352000
tau[1179] 2352001 2353000
tau[1180] 2353001 2354000
tau[1181] 2354001 2355000
tau[1182] 2355001 2356000
tau[1183] 2356001 2357000
tau[1184] 2357001 2358000
tau[1185] 2358001 2359000
tau[1186] 2359001 2360000
tau[1187] 2360001 2361000
tau[1188] 2361001 2362000
tau[1189] 2362001 2363000
tau[1190] 2363001 2364000
tau[1191] 2364001 2365000
tau[1192] 2365001 2366000
tau[1193] 2366001 2367000
tau[1194] 2367001 2368000
tau[1195] 2368001 2369000
tau[1196] 2369001 2370000
tau[1197] 2370001 2371000
tau[1198] 2371001 2372000
tau[1199] 2372001 2373000
tau[1200] 2373001 2374000
tau[1201] 2374001 2375000
tau[1202] 2375001 2376000
tau[1203] 2376001 2377000
tau[1204] 2377001 2378000
tau[1205] 2378001 2379000
tau[1206] 2379001 2380000
tau[1207] 2380001 2381000
tau[1208] 2381001 2382000
tau[1209] 2382001 2383000
tau[1210] 2383001 2384000
tau[1211] 2384001 2385000
tau[1212] 2385001 2386000
tau[1213] 2386001 2387000
tau[1214] 2387001 2388000
tau[1215] 2388001 2389000
tau[1216] 2389001 2390000
tau[1217] 2390001 2391000
tau[1218] 2391001 2392000
tau[1219] 2392001 2393000
tau[1220] 2393001 2394000
tau[1221] 2394001 2395000
tau[1222] 2395001 2396000
tau[1223] 2396001 2397000
tau[1224] 2397001 2398000
tau[1225] 2398001 2399000
tau[1226] 2399001 2400000
tau[1227] 2400001 2401000
tau[1228] 2401001 2402000
tau[1229] 2402001 2403000
tau[1230] 2403001 2404000
tau[1231] 2404001 2405000
tau[1232] 2405001 2406000
tau[1233] 2406001 2407000
tau[1234] 2407001 2408000
tau[1235] 2408001 2409000
tau[1236] 2409001 2410000
tau[1237] 2410001 2411000
tau[1238] 2411001 2412000
tau[1239] 2412001 2413000
tau[1240] 2413001 2414000
tau[1241] 2414001 2415000
tau[1242] 2415001 2416000
tau[1243] 2416001 2417000
tau[1244] 2417001 2418000
tau[1245] 2418001 2419000
tau[1246] 2419001 2420000
tau[1247] 2420001 2421000
tau[1248] 2421001 2422000
tau[1249] 2422001 2423000
tau[1250] 2423001 2424000
tau[1251] 2424001 2425000
tau[1252] 2425001 2426000
tau[1253] 2426001 2427000
tau[1254] 2427001 2428000
tau[1255] 2428001 2429000
tau[1256] 2429001 2430000
tau[1257] 2430001 2431000
tau[1258] 2431001 2432000
tau[1259] 2432001 2433000
tau[1260] 2433001 2434000
phi 2434001 2435000
